node1ID node2ID branchID x1 y1 z1 x2 y2 z2 radius length R G B time type 
0 1 0 0.0000 0.0000 -3.0000 0.0177 -0.0039 -3.1992 0.0720 0.2000 0.4314 0.3922 0.1961 0.1606 1.0000 
1 2 0 0.0177 -0.0039 -3.1992 -0.0058 -0.0059 -3.3978 0.0720 0.2000 0.4314 0.3922 0.1961 0.3216 1.0000 
2 3 0 -0.0058 -0.0059 -3.3978 -0.0347 -0.0015 -3.5956 0.0720 0.2000 0.4314 0.3922 0.1961 0.4831 1.0000 
3 4 0 -0.0347 -0.0015 -3.5956 -0.0098 -0.0173 -3.7934 0.0720 0.2000 0.4314 0.3922 0.1961 0.6451 1.0000 
4 5 0 -0.0098 -0.0173 -3.7934 0.0094 -0.0301 -3.9921 0.0720 0.2000 0.4314 0.3922 0.1961 0.8075 1.0000 
5 6 0 0.0094 -0.0301 -3.9921 0.0225 -0.0469 -4.1910 0.0720 0.2000 0.4314 0.3922 0.1961 0.9704 1.0000 
6 7 0 0.0225 -0.0469 -4.1910 0.0320 -0.0635 -4.3900 0.0720 0.2000 0.4314 0.3922 0.1961 1.1338 1.0000 
7 8 0 0.0320 -0.0635 -4.3900 0.0371 -0.0569 -4.5899 0.0720 0.2000 0.4314 0.3922 0.1961 1.2977 1.0000 
8 9 0 0.0371 -0.0569 -4.5899 0.0371 -0.0492 -4.7897 0.0720 0.2000 0.4314 0.3922 0.1961 1.4621 1.0000 
9 10 0 0.0371 -0.0492 -4.7897 0.0372 -0.0408 -4.9895 0.0720 0.2000 0.4314 0.3922 0.1961 1.6270 1.0000 
10 11 0 0.0372 -0.0408 -4.9895 0.0396 -0.0512 -5.1893 0.0720 0.2000 0.4314 0.3922 0.1961 1.7923 1.0000 
11 12 0 0.0396 -0.0512 -5.1893 0.0395 -0.0514 -5.3893 0.0720 0.2000 0.4314 0.3922 0.1961 1.9582 1.0000 
12 13 0 0.0395 -0.0514 -5.3893 0.0389 -0.0527 -5.5893 0.0720 0.2000 0.4314 0.3922 0.1961 2.1245 1.0000 
13 14 0 0.0389 -0.0527 -5.5893 0.0375 -0.0707 -5.7884 0.0720 0.2000 0.4314 0.3922 0.1961 2.2914 1.0000 
14 15 0 0.0375 -0.0707 -5.7884 0.0522 -0.0792 -5.9877 0.0720 0.2000 0.4314 0.3922 0.1961 2.4588 1.0000 
15 16 0 0.0522 -0.0792 -5.9877 0.0513 -0.1070 -6.1858 0.0720 0.2000 0.4314 0.3922 0.1961 2.6266 1.0000 
16 17 0 0.0513 -0.1070 -6.1858 0.0504 -0.1348 -6.3838 0.0720 0.2000 0.4314 0.3922 0.1961 2.7950 1.0000 
17 18 0 0.0504 -0.1348 -6.3838 0.0512 -0.1604 -6.5822 0.0720 0.2000 0.4314 0.3922 0.1961 2.9639 1.0000 
18 19 0 0.0512 -0.1604 -6.5822 0.0529 -0.1658 -6.7821 0.0720 0.2000 0.4314 0.3922 0.1961 3.1333 1.0000 
19 20 0 0.0529 -0.1658 -6.7821 0.0601 -0.1698 -6.9819 0.0720 0.2000 0.4314 0.3922 0.1961 3.3032 1.0000 
20 21 0 0.0601 -0.1698 -6.9819 0.0540 -0.1617 -7.1817 0.0720 0.2000 0.4314 0.3922 0.1961 3.4737 1.0000 
21 22 0 0.0540 -0.1617 -7.1817 0.0390 -0.1942 -7.3785 0.0720 0.2000 0.4314 0.3922 0.1961 3.6447 1.0000 
22 23 0 0.0390 -0.1942 -7.3785 0.0264 -0.2134 -7.5771 0.0720 0.2000 0.4314 0.3922 0.1961 3.8162 1.0000 
23 24 0 0.0264 -0.2134 -7.5771 0.0256 -0.2286 -7.7765 0.0720 0.2000 0.4314 0.3922 0.1961 3.9882 1.0000 
24 25 0 0.0256 -0.2286 -7.7765 0.0336 -0.2312 -7.9764 0.0720 0.2000 0.4314 0.3922 0.1961 4.1608 1.0000 
25 26 0 0.0336 -0.2312 -7.9764 0.0208 -0.2181 -8.1755 0.0720 0.2000 0.4314 0.3922 0.1961 4.3339 1.0000 
26 27 0 0.0208 -0.2181 -8.1755 0.0106 -0.2033 -8.3747 0.0720 0.2000 0.4314 0.3922 0.1961 4.5076 1.0000 
27 28 0 0.0106 -0.2033 -8.3747 0.0088 -0.1848 -8.5739 0.0720 0.2000 0.4314 0.3922 0.1961 4.6818 1.0000 
28 29 0 0.0088 -0.1848 -8.5739 -0.0055 -0.1718 -8.7729 0.0720 0.2000 0.4314 0.3922 0.1961 4.8566 1.0000 
29 30 0 -0.0055 -0.1718 -8.7729 -0.0154 -0.1574 -8.9722 0.0720 0.2000 0.4314 0.3922 0.1961 5.0319 1.0000 
30 31 0 -0.0154 -0.1574 -8.9722 0.0103 -0.1360 -9.1694 0.0720 0.2000 0.4314 0.3922 0.1961 5.2078 1.0000 
31 32 0 0.0103 -0.1360 -9.1694 0.0344 -0.1155 -9.3668 0.0720 0.2000 0.4314 0.3922 0.1961 5.3842 1.0000 
32 33 0 0.0344 -0.1155 -9.3668 0.0132 -0.1055 -9.5655 0.0720 0.2000 0.4314 0.3922 0.1961 5.5612 1.0000 
33 34 0 0.0132 -0.1055 -9.5655 -0.0034 -0.1036 -9.7648 0.0720 0.2000 0.4314 0.3922 0.1961 5.7388 1.0000 
34 35 0 -0.0034 -0.1036 -9.7648 -0.0170 -0.1273 -9.9629 0.0720 0.2000 0.4314 0.3922 0.1961 5.9169 1.0000 
35 36 0 -0.0170 -0.1273 -9.9629 -0.0182 -0.1242 -10.1629 0.0720 0.2000 0.4314 0.3922 0.1961 6.0956 1.0000 
36 37 0 -0.0182 -0.1242 -10.1629 -0.0160 -0.1169 -10.3627 0.0720 0.2000 0.4314 0.3922 0.1961 6.2749 1.0000 
37 38 0 -0.0160 -0.1169 -10.3627 -0.0126 -0.1099 -10.5626 0.0720 0.2000 0.4314 0.3922 0.1961 6.4548 1.0000 
38 39 0 -0.0126 -0.1099 -10.5626 -0.0188 -0.1031 -10.7623 0.0720 0.2000 0.4314 0.3922 0.1961 6.6353 1.0000 
39 40 0 -0.0188 -0.1031 -10.7623 -0.0245 -0.0956 -10.9621 0.0720 0.2000 0.4314 0.3922 0.1961 6.8163 1.0000 
40 41 0 -0.0245 -0.0956 -10.9621 -0.0410 -0.0939 -11.1614 0.0720 0.2000 0.4314 0.3922 0.1961 6.9980 1.0000 
41 42 0 -0.0410 -0.0939 -11.1614 -0.0378 -0.0707 -11.3601 0.0720 0.2000 0.4314 0.3922 0.1961 7.1802 1.0000 
42 43 0 -0.0378 -0.0707 -11.3601 -0.0400 -0.0801 -11.5598 0.0720 0.2000 0.4314 0.3922 0.1961 7.3631 1.0000 
43 44 0 -0.0400 -0.0801 -11.5598 -0.0500 -0.0784 -11.7596 0.0720 0.2000 0.4314 0.3922 0.1961 7.5465 1.0000 
44 45 0 -0.0500 -0.0784 -11.7596 -0.0734 -0.0917 -11.9577 0.0720 0.2000 0.4314 0.3922 0.1961 7.7306 1.0000 
45 46 0 -0.0734 -0.0917 -11.9577 -0.0855 -0.0870 -12.1573 0.0720 0.2000 0.4314 0.3922 0.1961 7.9153 1.0000 
46 47 0 -0.0855 -0.0870 -12.1573 -0.0970 -0.0854 -12.3570 0.0720 0.2000 0.4314 0.3922 0.1961 8.1006 1.0000 
47 48 0 -0.0970 -0.0854 -12.3570 -0.1081 -0.0830 -12.5566 0.0720 0.2000 0.4314 0.3922 0.1961 8.2865 1.0000 
48 49 0 -0.1081 -0.0830 -12.5566 -0.1199 -0.0801 -12.7563 0.0720 0.2000 0.4314 0.3922 0.1961 8.4730 1.0000 
49 50 0 -0.1199 -0.0801 -12.7563 -0.1170 -0.0902 -12.9560 0.0720 0.2000 0.4314 0.3922 0.1961 8.6602 1.0000 
50 51 0 -0.1170 -0.0902 -12.9560 -0.1102 -0.0822 -13.1557 0.0720 0.2000 0.4314 0.3922 0.1961 8.8480 1.0000 
51 52 0 -0.1102 -0.0822 -13.1557 -0.1019 -0.0741 -13.3554 0.0720 0.2000 0.4314 0.3922 0.1961 9.0365 1.0000 
52 53 0 -0.1019 -0.0741 -13.3554 -0.0975 -0.0762 -13.5553 0.0720 0.2000 0.4314 0.3922 0.1961 9.2256 1.0000 
53 54 0 -0.0975 -0.0762 -13.5553 -0.0989 -0.0867 -13.7551 0.0720 0.2000 0.4314 0.3922 0.1961 9.4153 1.0000 
54 55 0 -0.0989 -0.0867 -13.7551 -0.1173 -0.0626 -13.9527 0.0720 0.2000 0.4314 0.3922 0.1961 9.6057 1.0000 
55 56 0 -0.1173 -0.0626 -13.9527 -0.1384 -0.0515 -14.1513 0.0720 0.2000 0.4314 0.3922 0.1961 9.7968 1.0000 
56 57 0 -0.1384 -0.0515 -14.1513 -0.1587 -0.0396 -14.3499 0.0720 0.2000 0.4314 0.3922 0.1961 9.9885 1.0000 
57 58 0 -0.1587 -0.0396 -14.3499 -0.1704 -0.0432 -14.5496 0.0720 0.2000 0.4314 0.3922 0.1961 10.1809 1.0000 
58 59 0 -0.1704 -0.0432 -14.5496 -0.1774 -0.0554 -14.7491 0.0720 0.2000 0.4314 0.3922 0.1961 10.3740 1.0000 
59 60 0 -0.1774 -0.0554 -14.7491 -0.1774 -0.0686 -14.9486 0.0720 0.2000 0.4314 0.3922 0.1961 10.5677 1.0000 
60 61 0 -0.1774 -0.0686 -14.9486 -0.1840 -0.0641 -15.1485 0.0720 0.2000 0.4314 0.3922 0.1961 10.7621 1.0000 
61 62 0 -0.1840 -0.0641 -15.1485 -0.1888 -0.0648 -15.3484 0.0720 0.2000 0.4314 0.3922 0.1961 10.9572 1.0000 
62 63 0 -0.1888 -0.0648 -15.3484 -0.1936 -0.0666 -15.5483 0.0720 0.2000 0.4314 0.3922 0.1961 11.1530 1.0000 
63 64 0 -0.1936 -0.0666 -15.5483 -0.1747 -0.0441 -15.7462 0.0720 0.2000 0.4314 0.3922 0.1961 11.3495 1.0000 
64 65 0 -0.1747 -0.0441 -15.7462 -0.1416 -0.0232 -15.9423 0.0720 0.2000 0.4314 0.3922 0.1961 11.5467 1.0000 
65 66 0 -0.1416 -0.0232 -15.9423 -0.1590 0.0037 -16.1397 0.0720 0.2000 0.4314 0.3922 0.1961 11.7446 1.0000 
66 67 0 -0.1590 0.0037 -16.1397 -0.1775 0.0320 -16.3368 0.0720 0.2000 0.4314 0.3922 0.1961 11.9432 1.0000 
67 68 0 -0.1775 0.0320 -16.3368 -0.1917 0.0614 -16.5341 0.0720 0.2000 0.4314 0.3922 0.1961 12.1425 1.0000 
68 69 0 -0.1917 0.0614 -16.5341 -0.1820 0.0974 -16.7306 0.0720 0.2000 0.4314 0.3922 0.1961 12.3426 1.0000 
69 70 0 -0.1820 0.0974 -16.7306 -0.1767 0.1045 -16.9304 0.0720 0.2000 0.4314 0.3922 0.1961 12.5433 1.0000 
70 71 0 -0.1767 0.1045 -16.9304 -0.1787 0.1474 -17.1258 0.0720 0.2000 0.4314 0.3922 0.1961 12.7448 1.0000 
71 72 0 -0.1787 0.1474 -17.1258 -0.2097 0.1817 -17.3204 0.0720 0.2000 0.4314 0.3922 0.1961 12.9471 1.0000 
72 73 0 -0.2097 0.1817 -17.3204 -0.2475 0.2166 -17.5136 0.0720 0.2000 0.4314 0.3922 0.1961 13.1500 1.0000 
73 74 0 -0.2475 0.2166 -17.5136 -0.2848 0.2513 -17.7070 0.0720 0.2000 0.4314 0.3922 0.1961 13.3538 1.0000 
74 75 0 -0.2848 0.2513 -17.7070 -0.2642 0.2769 -17.9043 0.0720 0.2000 0.4314 0.3922 0.1961 13.5582 1.0000 
75 76 0 -0.2642 0.2769 -17.9043 -0.2460 0.3121 -18.1004 0.0720 0.2000 0.4314 0.3922 0.1961 13.7635 1.0000 
76 77 0 -0.2460 0.3121 -18.1004 -0.2461 0.3464 -18.2974 0.0720 0.2000 0.4314 0.3922 0.1961 13.9695 1.0000 
77 78 0 -0.2461 0.3464 -18.2974 -0.2410 0.3874 -18.4931 0.0720 0.2000 0.4314 0.3922 0.1961 14.1762 1.0000 
78 79 0 -0.2410 0.3874 -18.4931 -0.2001 0.3942 -18.6887 0.0720 0.2000 0.4314 0.3922 0.1961 14.3838 1.0000 
79 80 0 -0.2001 0.3942 -18.6887 -0.1757 0.3865 -18.8871 0.0720 0.2000 0.4314 0.3922 0.1961 14.5921 1.0000 
80 81 0 -0.1757 0.3865 -18.8871 -0.1499 0.3799 -19.0853 0.0720 0.2000 0.4314 0.3922 0.1961 14.8012 1.0000 
81 82 0 -0.1499 0.3799 -19.0853 -0.1572 0.3694 -19.2849 0.0720 0.2000 0.4314 0.3922 0.1961 15.0111 1.0000 
82 83 0 -0.1572 0.3694 -19.2849 -0.1659 0.3939 -19.4832 0.0720 0.2000 0.4314 0.3922 0.1961 15.2218 1.0000 
83 84 0 -0.1659 0.3939 -19.4832 -0.1770 0.4048 -19.6826 0.0720 0.2000 0.4314 0.3922 0.1961 15.4334 1.0000 
84 85 0 -0.1770 0.4048 -19.6826 -0.1949 0.4084 -19.8818 0.0720 0.2000 0.4314 0.3922 0.1961 15.6457 1.0000 
85 86 0 -0.1949 0.4084 -19.8818 -0.1987 0.3854 -20.0804 0.0720 0.2000 0.4314 0.3922 0.1961 15.8588 1.0000 
86 87 0 -0.1987 0.3854 -20.0804 -0.2038 0.3594 -20.2786 0.0720 0.2000 0.4314 0.3922 0.1961 16.0728 1.0000 
87 88 0 -0.2038 0.3594 -20.2786 -0.2060 0.3370 -20.4774 0.0720 0.2000 0.4314 0.3922 0.1961 16.2876 1.0000 
88 89 0 -0.2060 0.3370 -20.4774 -0.2120 0.3166 -20.6762 0.0720 0.2000 0.4314 0.3922 0.1961 16.5032 1.0000 
89 90 0 -0.2120 0.3166 -20.6762 -0.2110 0.3007 -20.8756 0.0720 0.2000 0.4314 0.3922 0.1961 16.7197 1.0000 
90 91 0 -0.2110 0.3007 -20.8756 -0.2061 0.3058 -21.0755 0.0720 0.2000 0.4314 0.3922 0.1961 16.9370 1.0000 
91 92 0 -0.2061 0.3058 -21.0755 -0.1952 0.3040 -21.2752 0.0720 0.2000 0.4314 0.3922 0.1961 17.1552 1.0000 
92 93 0 -0.1952 0.3040 -21.2752 -0.1854 0.2854 -21.4741 0.0720 0.2000 0.4314 0.3922 0.1961 17.3743 1.0000 
93 94 0 -0.1854 0.2854 -21.4741 -0.1842 0.2753 -21.6738 0.0720 0.2000 0.4314 0.3922 0.1961 17.5942 1.0000 
94 95 0 -0.1842 0.2753 -21.6738 -0.1802 0.2647 -21.8735 0.0720 0.2000 0.4314 0.3922 0.1961 17.8150 1.0000 
95 96 0 -0.1802 0.2647 -21.8735 -0.1767 0.2537 -22.0732 0.0720 0.2000 0.4314 0.3922 0.1961 18.0367 1.0000 
96 97 0 -0.1767 0.2537 -22.0732 -0.1836 0.2360 -22.2723 0.0720 0.2000 0.4314 0.3922 0.1961 18.2593 1.0000 
97 98 0 -0.1836 0.2360 -22.2723 -0.1884 0.2243 -22.4719 0.0720 0.2000 0.4314 0.3922 0.1961 18.4827 1.0000 
98 99 0 -0.1884 0.2243 -22.4719 -0.1933 0.2105 -22.6713 0.0720 0.2000 0.4314 0.3922 0.1961 18.7071 1.0000 
99 100 0 -0.1933 0.2105 -22.6713 -0.1798 0.2011 -22.8706 0.0720 0.2000 0.4314 0.3922 0.1961 18.9324 1.0000 
100 101 0 -0.1798 0.2011 -22.8706 -0.1651 0.2040 -23.0701 0.0720 0.2000 0.4314 0.3922 0.1961 19.1586 1.0000 
101 102 0 -0.1651 0.2040 -23.0701 -0.1632 0.2318 -23.2681 0.0720 0.2000 0.4314 0.3922 0.1961 19.3858 1.0000 
102 103 0 -0.1632 0.2318 -23.2681 -0.1582 0.2389 -23.4679 0.0720 0.2000 0.4314 0.3922 0.1961 19.6139 1.0000 
103 104 0 -0.1582 0.2389 -23.4679 -0.1415 0.2333 -23.6672 0.0720 0.2000 0.4314 0.3922 0.1961 19.8429 1.0000 
104 105 0 -0.1415 0.2333 -23.6672 -0.1265 0.2278 -23.8665 0.0720 0.2000 0.4314 0.3922 0.1961 20.0729 1.0000 
105 106 0 -0.1265 0.2278 -23.8665 -0.1264 0.2238 -24.0665 0.0720 0.2000 0.4314 0.3922 0.1961 20.3038 1.0000 
106 107 0 -0.1264 0.2238 -24.0665 -0.1301 0.2118 -24.2661 0.0720 0.2000 0.4314 0.3922 0.1961 20.5357 1.0000 
107 108 0 -0.1301 0.2118 -24.2661 -0.1338 0.1999 -24.4657 0.0720 0.2000 0.4314 0.3922 0.1961 20.7686 1.0000 
108 109 0 -0.1338 0.1999 -24.4657 -0.1334 0.1858 -24.6652 0.0720 0.2000 0.4314 0.3922 0.1961 21.0025 1.0000 
109 110 0 -0.1334 0.1858 -24.6652 -0.1378 0.2151 -24.8630 0.0720 0.2000 0.4314 0.3922 0.1961 21.2373 1.0000 
110 111 0 -0.1378 0.2151 -24.8630 -0.1423 0.2168 -25.0629 0.0720 0.2000 0.4314 0.3922 0.1961 21.4732 1.0000 
111 112 0 -0.1423 0.2168 -25.0629 -0.1458 0.2246 -25.2628 0.0720 0.2000 0.4314 0.3922 0.1961 21.7101 1.0000 
112 113 0 -0.1458 0.2246 -25.2628 -0.1343 0.2389 -25.4619 0.0720 0.2000 0.4314 0.3922 0.1961 21.9480 1.0000 
113 114 0 -0.1343 0.2389 -25.4619 -0.1160 0.2386 -25.6611 0.0720 0.2000 0.4314 0.3922 0.1961 22.1869 1.0000 
114 115 0 -0.1160 0.2386 -25.6611 -0.1214 0.2468 -25.8608 0.0720 0.2000 0.4314 0.3922 0.1961 22.4268 1.0000 
115 116 0 -0.1214 0.2468 -25.8608 -0.1366 0.2531 -26.0602 0.0720 0.2000 0.4314 0.3922 0.1961 22.6678 1.0000 
116 117 0 -0.1366 0.2531 -26.0602 -0.1464 0.2405 -26.2595 0.0720 0.2000 0.4314 0.3922 0.1961 22.9099 1.0000 
117 118 0 -0.1464 0.2405 -26.2595 -0.1367 0.2558 -26.4587 0.0720 0.2000 0.4314 0.3922 0.1961 23.1530 1.0000 
118 119 0 -0.1367 0.2558 -26.4587 -0.1070 0.2598 -26.6564 0.0720 0.2000 0.4314 0.3922 0.1961 23.3972 1.0000 
119 120 0 -0.1070 0.2598 -26.6564 -0.0865 0.2602 -26.8554 0.0720 0.2000 0.4314 0.3922 0.1961 23.6425 1.0000 
120 121 0 -0.0865 0.2602 -26.8554 -0.0889 0.2784 -27.0545 0.0720 0.2000 0.4314 0.3922 0.1961 23.8888 1.0000 
121 122 0 -0.0889 0.2784 -27.0545 -0.0884 0.3088 -27.2522 0.0720 0.2000 0.4314 0.3922 0.1961 24.1363 1.0000 
122 123 0 -0.0884 0.3088 -27.2522 -0.1003 0.3013 -27.4517 0.0720 0.2000 0.4314 0.3922 0.1961 24.3849 1.0000 
123 124 0 -0.1003 0.3013 -27.4517 -0.1019 0.3038 -27.6517 0.0720 0.2000 0.4314 0.3922 0.1961 24.6346 1.0000 
124 125 0 -0.1019 0.3038 -27.6517 -0.1037 0.3015 -27.8517 0.0720 0.2000 0.4314 0.3922 0.1961 24.8854 1.0000 
125 126 0 -0.1037 0.3015 -27.8517 -0.1024 0.2962 -28.0516 0.0720 0.2000 0.4314 0.3922 0.1961 25.1374 1.0000 
126 127 0 -0.1024 0.2962 -28.0516 -0.1059 0.3012 -28.2515 0.0720 0.2000 0.4314 0.3922 0.1961 25.3905 1.0000 
127 128 0 -0.1059 0.3012 -28.2515 -0.0941 0.3107 -28.4509 0.0720 0.2000 0.4314 0.3922 0.1961 25.6448 1.0000 
128 129 0 -0.0941 0.3107 -28.4509 -0.0930 0.3312 -28.6499 0.0720 0.2000 0.4314 0.3922 0.1961 25.9003 1.0000 
129 130 0 -0.0930 0.3312 -28.6499 -0.0723 0.3667 -28.8456 0.0720 0.2000 0.4314 0.3922 0.1961 26.1570 1.0000 
130 131 0 -0.0723 0.3667 -28.8456 -0.0819 0.3673 -29.0454 0.0720 0.2000 0.4314 0.3922 0.1961 26.4148 1.0000 
131 132 0 -0.0819 0.3673 -29.0454 -0.0883 0.3689 -29.2453 0.0720 0.2000 0.4314 0.3922 0.1961 26.6739 1.0000 
132 133 0 -0.0883 0.3689 -29.2453 -0.0888 0.3600 -29.4451 0.0720 0.2000 0.4314 0.3922 0.1961 26.9342 1.0000 
133 134 0 -0.0888 0.3600 -29.4451 -0.0929 0.3412 -29.6441 0.0720 0.2000 0.4314 0.3922 0.1961 27.1957 1.0000 
134 135 0 -0.0929 0.3412 -29.6441 -0.0825 0.3334 -29.8437 0.0720 0.2000 0.4314 0.3922 0.1961 27.4584 1.0000 
135 136 0 -0.0825 0.3334 -29.8437 -0.0749 0.3263 -30.0434 0.0720 0.2000 0.4314 0.3922 0.1961 27.7224 1.0000 
136 137 0 -0.0749 0.3263 -30.0434 -0.0672 0.3192 -30.2432 0.0720 0.2000 0.4314 0.3922 0.1961 27.9877 1.0000 
137 138 0 -0.0672 0.3192 -30.2432 -0.0731 0.3041 -30.4425 0.0720 0.2000 0.4314 0.3922 0.1961 28.2542 1.0000 
138 139 0 -0.0731 0.3041 -30.4425 -0.0631 0.2903 -30.6418 0.0720 0.2000 0.4314 0.3922 0.1961 28.5221 1.0000 
139 140 0 -0.0631 0.2903 -30.6418 -0.0478 0.2817 -30.8410 0.0720 0.2000 0.4314 0.3922 0.1961 28.7912 1.0000 
140 141 0 -0.0478 0.2817 -30.8410 -0.0372 0.2639 -31.0399 0.0720 0.2000 0.4314 0.3922 0.1961 29.0617 1.0000 
141 142 0 -0.0372 0.2639 -31.0399 -0.0317 0.2463 -31.2391 0.0720 0.2000 0.4314 0.3922 0.1961 29.3334 1.0000 
142 143 0 -0.0317 0.2463 -31.2391 -0.0301 0.2368 -31.4389 0.0720 0.2000 0.4314 0.3922 0.1961 29.6066 1.0000 
143 144 0 -0.0301 0.2368 -31.4389 -0.0287 0.2304 -31.6387 0.0720 0.2000 0.4314 0.3922 0.1961 29.8811 1.0000 
144 145 0 -0.0287 0.2304 -31.6387 -0.0321 0.2347 -31.7249 0.0720 0.0864 0.4314 0.3922 0.1961 30.0000 1.0000 
